[('1 ass, 5 gradings',(1,5),
[(10,(12.790668,57.900565),(0.00396215658112,0.00343636958957),(0.00272705178409,0.0027463744647,0.00311128037185)),
(25,(32.284305,140.570326),(0.00285561143077,0.00395592125052),(0.00250728724234,0.00352538186455,0.00384835208263)),
(50,(68.285382,281.178547),(0.00383541887605,0.00372771252952),(0.00459256753135,0.00427013361387,0.00616191163581)),
(75,(91.985414,447.503698),(0.00280533557864,0.0025986408138),(0.00266882995201,0.00276971297747,0.00306393157206)),
(100,(129.621921,558.601702),(0.00251112666561,0.00250678034188),(0.00228008582889,0.00265241005475,0.0033907274497))]),
('2 ass, 5 gradings',(2,5),
[(10,(21.751322,101.280998),(0.000599552194611,0.000519534729924),(0.00223887189899,0.00231166016777,0.00319358329857)),
(25,(54.091325,258.348642),(0.00170217767175,0.00305809066191),(0.0030161347189,0.00398030763048,0.00370361188839)),
(50,(105.476111,515.320637),(0.00258637781625,0.00222773010294),(0.00316105874037,0.0028240074092,0.00472583524955)),
(75,(166.690170,776.501201),(0.00157667919136,0.00161864476224),(0.00294835315311,0.00315895305577,0.00379260791628)),
(100,(221.209965,1028.303392),(0.00257505035508,0.00300899111693),(0.00312691537836,0.00329034855292,0.00424165249886))]),
('3 ass, 5 gradings',(3,5),
[(10,(31.666683,148.298801),(0.000817218588415,0.000902813203429),(0.00284995882368,0.00295207814728,0.00323563855712)),
(25,(76.958194,367.428722),(0.00135636362453,0.0015005991747),(0.00240201542534,0.00245042571276,0.00313310956358)),
(50,(153.502610,675.222766),(0.00154867821043,0.00161655637221),(0.00316103554345,0.00348670731758,0.00468350612372)),
(75,(214.330730,997.277463),(0.00133214750441,0.00147556230014),(0.00312192644253,0.00316746212354,0.00371006421091)),
(100,(291.216917,1386.321223),(0.0013597008557,0.0016001974907),(0.00387072790262,0.00375904903641,0.00531846003212))]),
('1 ass, 10 gradings',(1,10),
[(11,(23.696377,116.236462),(0.000854223492284,0.00105032433118),(0.00174331349455,0.00190213670446,0.0019612604557)),
(25,(40.671939,242.797992),(0.00133070544603,0.00207421174465),(0.00195038199833,0.00273662005329,0.00224812366911)),
(50,(96.136426,428.017783),(0.00183605346996,0.00220988137931),(0.00165732530891,0.00218663003312,0.0031741958337)),
(75,(123.505629,639.077949),(0.00177382572923,0.00148734178691),(0.00165793215611,0.00171991355932,0.0025868150629)),
(100,(190.602098,945.197916),(0.00174598893287,0.00176112885776),(0.00232035214017,0.0023662505256,0.00190475691097))])]